Метод                  secs(average_score)                                     medium

Больцман            70(199), 62(200), 55(204), 64(203), 73(202)              64,8(201,6)
Коши                77(200), 76(197), 73(201), 73(199), 67(201)              73,2(199,6)
Логарифмический     74(200), 73(197), 64(198), 63(200), 67(201)              68,2(199,2)


Коши работает дольше, одно из лучших решений нашел =)


лучший результат:

start score: 1983
proc_num 0: 2 4 5 8 7 5 8 10 4 8 4 2 2 2 5 2 10 6 6 7 5 9 4 3 10 1 1 6 7 10 4 5 7 10 1 1 5 
proc_num 1: 3 3 10 2 1 6 9 2 5 9 8 9 7 2 10 7 8 5 10 8 8 9 9 3 1 9 4 1 6 8 5 8 4 
proc_num 2: 10 10 6 1 9 3 5 8 2 9 3 2 6 4 4 3 5 9 7 6 5 2 5 2 3 2 6 9 9 8 6 9 5 7 4 3 
proc_num 3: 6 3 1 7 1 3 1 4 10 5 4 10 9 6 9 4 3 1 10 2 8 3 2 5 1 4 3 8 3 8 6 9 10 10 6 9 
proc_num 4: 3 10 5 4 7 9 9 9 5 5 1 2 4 6 10 4 6 5 8 4 4 7 5 9 10 5 6 6 2 9 10 2 10 
proc_num 5: 9 4 3 1 8 8 9 10 9 7 6 5 2 8 3 5 7 9 6 7 2 5 8 10 1 2 7 6 4 5 2 3 4 4 8 2 
proc_num 6: 8 10 2 6 10 7 4 9 10 1 5 9 3 6 7 9 1 4 5 10 2 1 5 5 1 2 1 10 10 7 6 4 9 5 7 
proc_num 7: 2 10 8 5 2 8 10 9 9 3 2 3 7 4 3 5 3 8 4 3 9 4 8 1 4 9 10 1 9 2 8 8 8 4 8 
proc_num 8: 5 10 1 9 5 10 9 9 6 7 8 7 9 1 5 2 8 7 9 4 10 10 9 1 1 4 5 5 5 6 2 7 3 
proc_num 9: 10 9 5 2 10 8 1 3 2 2 7 10 5 1 8 3 9 6 1 9 4 9 8 5 6 3 8 7 2 6 7 3 2 5 5 10 
average score: 197
73 secs

10 проц, 350 работ
